0 0.0
1 0.026058631
2 0.042345278
3 0.06514658
4 0.12703583
5 0.019543974
6 0.019543974
7 0.03583062
8 0.0065146578
9 0.016286645
10 0.14006515
11 0.15309446
12 0.20846905
13 0.09771987
14 0.045602605
15 0.042345278
16 0.029315962
17 0.03257329
18 0.058631923
19 0.016286645
20 0.039087947
21 0.058631923
22 0.016286645
23 0.009771987
24 0.009771987
25 0.022801302
26 0.019543974
27 0.009771987
28 0.026058631
29 0.0130293155
30 0.0130293155
31 0.0130293155
32 0.016286645
33 0.03257329
34 0.03257329
35 0.042345278
36 0.042345278
37 0.03257329
38 0.048859935
39 0.03257329
40 0.022801302
41 0.03257329
42 0.026058631
43 0.052117262
44 0.022801302
45 0.03257329
46 0.055374593
47 0.022801302
48 0.016286645
49 0.019543974
50 0.016286645
51 0.019543974
52 0.0130293155
53 0.0130293155
54 0.0130293155
55 0.0130293155
56 0.0032573289
57 0.016286645
58 0.029315962
59 0.009771987
60 0.0130293155
61 0.03583062
62 0.016286645
63 0.019543974
64 0.0065146578
65 0.07491857
66 0.43322477
67 0.13680781
68 0.03583062
69 0.03583062
70 0.029315962
71 0.019543974
72 0.0065146578
73 0.019543974
74 0.022801302
75 0.0
76 0.0065146578
77 0.009771987
78 0.009771987
79 0.0032573289
80 0.0
81 0.0
82 0.0
83 0.0032573289
84 0.0
85 0.0
86 0.0
87 0.0032573289
88 0.0
89 0.0
90 0.0032573289
91 0.0032573289
92 0.0032573289
93 0.0032573289
94 0.0
95 0.0
96 0.0032573289
97 0.0065146578
98 0.21498372
99 0.1335505
100 0.104234524
101 0.055374593
102 0.022801302
103 0.009771987
104 0.0065146578
105 0.0032573289
106 0.0
107 0.0032573289
108 0.0
109 0.0065146578
110 0.0130293155
111 0.016286645
112 0.0
113 0.0
114 0.10749186
115 0.045602605
116 0.029315962
117 0.0065146578
118 0.0032573289
119 0.0
120 0.0
121 0.0032573289
122 0.0
123 0.0
124 0.0
125 0.0
126 0.0
127 0.026058631
128 0.058631923
129 0.0032573289
130 0.0065146578
131 0.019543974
132 0.0130293155
133 0.0032573289
134 0.0
135 0.0032573289
136 0.0
137 0.0
138 0.0
139 0.0
140 0.0
141 0.0
142 0.0032573289
143 0.0
144 0.0032573289
145 0.0
146 0.078175895
147 0.1335505
148 0.039087947
149 0.0
150 0.0
151 0.0
152 0.0065146578
153 0.0
154 0.0032573289
155 0.0
156 0.0
157 0.0
158 0.0065146578
159 0.009771987
160 0.0
161 0.0
162 0.0032573289
163 0.0032573289
164 0.0
165 0.0
166 0.0
167 0.0
168 0.0
169 0.0
170 0.0032573289
171 0.0032573289
172 0.0
173 0.0
174 0.0032573289
175 0.0032573289
176 0.0032573289
177 0.0
178 0.048859935
179 0.029315962
180 0.0
181 0.0
182 0.0
183 0.0
184 0.0032573289
185 0.0
186 0.0032573289
187 0.0
188 0.0
189 0.0
190 0.016286645
191 0.042345278
192 0.0065146578
193 0.0
194 0.0
195 0.0
196 0.0032573289
197 0.0
198 0.0
199 0.0065146578
200 0.0
201 0.0130293155
202 0.0065146578
203 0.0
204 0.0
205 0.0
206 0.0
207 0.0
208 0.019543974
209 0.009771987
210 0.0065146578
211 0.0032573289
212 0.0
213 0.0
214 0.0
215 0.0
216 0.0
217 0.0
218 0.0
219 0.0
220 0.0
221 0.0
222 0.0
223 0.0032573289
224 0.0
225 0.0
226 0.0
227 0.0
228 0.0
229 0.0
230 0.0
231 0.0
232 0.0
233 0.0032573289
234 0.0
235 0.0
236 0.0
237 0.0
238 0.0
239 0.0
240 0.0
241 0.0
242 0.0
243 0.0
244 0.0
245 0.0
246 0.0
247 0.0
248 0.0
249 0.0
250 0.0
251 0.0
252 0.0
253 0.0
254 0.0
255 0.0
