0 0.0
1 0.0022431584
2 0.0076267384
3 0.025572006
4 0.025572006
5 0.0035890534
6 0.0
7 8.9726335E-4
8 0.012113055
9 0.0022431584
10 0.01345895
11 0.035890535
12 0.04755496
13 0.012113055
14 0.007178107
15 8.9726335E-4
16 0.001345895
17 0.0017945267
18 0.004486317
19 0.00269179
20 4.4863168E-4
21 8.9726335E-4
22 0.001345895
23 0.001345895
24 0.0017945267
25 8.9726335E-4
26 0.0022431584
27 8.9726335E-4
28 0.008524002
29 0.0031404218
30 0.0022431584
31 0.0049349484
32 0.00807537
33 0.0062808436
34 0.011215792
35 0.00538358
36 0.006729475
37 0.0035890534
38 0.00807537
39 0.0031404218
40 0.012561687
41 0.0076267384
42 0.006729475
43 0.007178107
44 0.007178107
45 0.00269179
46 0.0017945267
47 8.9726335E-4
48 0.0017945267
49 0.001345895
50 8.9726335E-4
51 8.9726335E-4
52 4.4863168E-4
53 0.0
54 8.9726335E-4
55 0.0035890534
56 0.0022431584
57 0.0
58 0.0031404218
59 0.0031404218
60 0.0031404218
61 0.0031404218
62 0.0017945267
63 0.00269179
64 0.004037685
65 0.008972634
66 0.0807537
67 0.033647377
68 0.0062808436
69 8.9726335E-4
70 0.0017945267
71 0.0022431584
72 0.0035890534
73 0.0022431584
74 0.0022431584
75 8.9726335E-4
76 8.9726335E-4
77 4.4863168E-4
78 8.9726335E-4
79 8.9726335E-4
80 0.0
81 4.4863168E-4
82 4.4863168E-4
83 0.0
84 0.0
85 4.4863168E-4
86 8.9726335E-4
87 4.4863168E-4
88 0.0
89 4.4863168E-4
90 4.4863168E-4
91 4.4863168E-4
92 4.4863168E-4
93 0.0
94 4.4863168E-4
95 0.0
96 0.0
97 0.00269179
98 0.055630326
99 0.031404216
100 0.01884253
101 0.00269179
102 4.4863168E-4
103 0.0
104 0.0
105 0.0
106 0.0
107 0.0
108 0.0
109 0.0
110 4.4863168E-4
111 8.9726335E-4
112 4.4863168E-4
113 4.4863168E-4
114 0.019739794
115 0.017945267
116 0.00538358
117 0.0022431584
118 0.0
119 0.0
120 0.0
121 0.0
122 0.0
123 0.0
124 0.0
125 4.4863168E-4
126 4.4863168E-4
127 0.004037685
128 0.0022431584
129 0.0
130 4.4863168E-4
131 0.012561687
132 0.008524002
133 0.004486317
134 0.001345895
135 0.0
136 4.4863168E-4
137 0.0
138 0.0
139 0.0
140 0.0
141 0.0
142 0.0
143 8.9726335E-4
144 0.0
145 0.001345895
146 0.0062808436
147 0.030506954
148 0.008524002
149 0.0049349484
150 0.00269179
151 4.4863168E-4
152 4.4863168E-4
153 0.0
154 0.0
155 4.4863168E-4
156 4.4863168E-4
157 4.4863168E-4
158 0.00269179
159 0.008524002
160 0.0017945267
161 0.0
162 0.0
163 0.0
164 0.0
165 0.0
166 4.4863168E-4
167 8.9726335E-4
168 0.0
169 0.0
170 0.0
171 0.0
172 0.001345895
173 4.4863168E-4
174 4.4863168E-4
175 0.0
176 0.001345895
177 0.00807537
178 0.00269179
179 0.004037685
180 0.001345895
181 0.0
182 0.0
183 8.9726335E-4
184 0.0
185 0.0
186 0.0
187 0.0
188 8.9726335E-4
189 4.4863168E-4
190 0.0058322116
191 0.024674742
192 0.0058322116
193 0.001345895
194 0.0
195 0.0
196 4.4863168E-4
197 0.0
198 0.0
199 0.001345895
200 0.0
201 0.001345895
202 0.0017945267
203 4.4863168E-4
204 4.4863168E-4
205 4.4863168E-4
206 0.0
207 0.001345895
208 0.00807537
209 0.007178107
210 8.9726335E-4
211 0.0017945267
212 8.9726335E-4
213 4.4863168E-4
214 0.0
215 4.4863168E-4
216 0.0
217 0.0
218 0.0
219 0.0
220 8.9726335E-4
221 0.0
222 0.0
223 4.4863168E-4
224 4.4863168E-4
225 0.0
226 0.0
227 0.0
228 0.0
229 0.0
230 0.0
231 0.0
232 0.0
233 0.0
234 0.0
235 0.0
236 0.0
237 0.0
238 0.0
239 0.0
240 0.0
241 0.0
242 0.0
243 0.0
244 0.0
245 0.0
246 0.0
247 0.0
248 0.0
249 0.0
250 0.0
251 0.0
252 0.0
253 0.0
254 0.0
255 0.0
