0 0.0
1 0.0031847134
2 0.00955414
3 0.02866242
4 0.05732484
5 0.0
6 0.0
7 0.0
8 0.08280255
9 0.006369427
10 0.03821656
11 0.098726116
12 0.07643312
13 0.022292994
14 0.025477707
15 0.006369427
16 0.0031847134
17 0.006369427
18 0.0
19 0.00955414
20 0.012738854
21 0.0
22 0.0
23 0.0031847134
24 0.0
25 0.0
26 0.0
27 0.0
28 0.0031847134
29 0.006369427
30 0.0
31 0.0
32 0.0
33 0.022292994
34 0.01910828
35 0.01910828
36 0.012738854
37 0.01910828
38 0.01910828
39 0.012738854
40 0.0031847134
41 0.0031847134
42 0.012738854
43 0.0
44 0.0031847134
45 0.0031847134
46 0.0031847134
47 0.0
48 0.0
49 0.0031847134
50 0.006369427
51 0.0
52 0.0
53 0.0
54 0.0031847134
55 0.0031847134
56 0.0031847134
57 0.0
58 0.0031847134
59 0.00955414
60 0.012738854
61 0.0
62 0.006369427
63 0.0
64 0.00955414
65 0.03821656
66 0.2866242
67 0.0477707
68 0.025477707
69 0.00955414
70 0.00955414
71 0.0031847134
72 0.00955414
73 0.006369427
74 0.0
75 0.0
76 0.0
77 0.0
78 0.0
79 0.0
80 0.0
81 0.0
82 0.0
83 0.0
84 0.0
85 0.0
86 0.0
87 0.0
88 0.0
89 0.0
90 0.0
91 0.0
92 0.0
93 0.0
94 0.0
95 0.0
96 0.0
97 0.012738854
98 0.098726116
99 0.089171976
100 0.06687898
101 0.006369427
102 0.0
103 0.0
104 0.0
105 0.0
106 0.0
107 0.0
108 0.0
109 0.0
110 0.0
111 0.0031847134
112 0.0
113 0.0
114 0.098726116
115 0.05732484
116 0.006369427
117 0.012738854
118 0.0
119 0.0
120 0.0
121 0.0
122 0.0
123 0.0
124 0.0
125 0.0
126 0.0
127 0.0
128 0.006369427
129 0.0
130 0.0
131 0.031847134
132 0.035031848
133 0.0
134 0.0
135 0.0
136 0.0
137 0.0
138 0.0
139 0.0
140 0.0
141 0.0
142 0.0
143 0.0
144 0.0
145 0.0031847134
146 0.015923567
147 0.06369427
148 0.031847134
149 0.0
150 0.0
151 0.0
152 0.0
153 0.0
154 0.0
155 0.0
156 0.0
157 0.0
158 0.00955414
159 0.0031847134
160 0.0031847134
161 0.0
162 0.0
163 0.0
164 0.0
165 0.0
166 0.0
167 0.0
168 0.0
169 0.0
170 0.0
171 0.0
172 0.0
173 0.0031847134
174 0.0
175 0.0
176 0.0
177 0.006369427
178 0.006369427
179 0.006369427
180 0.0
181 0.0
182 0.0
183 0.0031847134
184 0.0
185 0.0
186 0.0
187 0.0
188 0.0
189 0.0
190 0.022292994
191 0.031847134
192 0.00955414
193 0.0
194 0.0
195 0.0
196 0.0
197 0.0
198 0.0
199 0.0
200 0.0
201 0.0031847134
202 0.0
203 0.0
204 0.0
205 0.0
206 0.0
207 0.0
208 0.006369427
209 0.0031847134
210 0.0031847134
211 0.0031847134
212 0.0
213 0.0
214 0.0
215 0.0
216 0.0
217 0.0
218 0.0
219 0.0
220 0.0
221 0.0
222 0.0
223 0.0
224 0.0
225 0.0
226 0.0
227 0.0
228 0.0
229 0.0
230 0.0
231 0.0
232 0.0
233 0.0
234 0.0
235 0.0
236 0.0
237 0.0
238 0.0
239 0.0
240 0.0
241 0.0
242 0.0
243 0.0
244 0.0
245 0.0
246 0.0
247 0.0
248 0.0
249 0.0
250 0.0
251 0.0
252 0.0
253 0.0
254 0.0
255 0.0
