0 0.0
1 0.0055586435
2 0.038354643
3 0.13173985
4 0.1545303
5 0.0066703726
6 0.0066703726
7 0.0022234574
8 0.0
9 5.5586436E-4
10 0.0055586435
11 0.18010005
12 0.21122846
13 0.025013896
14 0.0038910506
15 0.0038910506
16 5.5586436E-4
17 5.5586436E-4
18 5.5586436E-4
19 5.5586436E-4
20 0.0
21 5.5586436E-4
22 0.0
23 5.5586436E-4
24 0.0
25 5.5586436E-4
26 0.0
27 0.0016675931
28 0.1450806
29 0.0072262366
30 0.0
31 0.0016675931
32 5.5586436E-4
33 0.0
34 0.0027793217
35 5.5586436E-4
36 5.5586436E-4
37 0.0011117287
38 5.5586436E-4
39 5.5586436E-4
40 0.0016675931
41 0.0011117287
42 0.0016675931
43 5.5586436E-4
44 5.5586436E-4
45 0.0011117287
46 0.0
47 5.5586436E-4
48 0.0011117287
49 0.0116731515
50 0.37242913
51 0.07448582
52 0.0038910506
53 0.0038910506
54 0.0016675931
55 0.0016675931
56 5.5586436E-4
57 0.0
58 0.0011117287
59 0.0
60 0.0
61 0.0
62 0.0
63 0.0
64 0.0016675931
65 0.0016675931
66 0.006114508
67 0.0
68 0.0016675931
69 5.5586436E-4
70 0.0
71 0.0011117287
72 5.5586436E-4
73 0.0011117287
74 0.0022234574
75 0.0055586435
76 0.23957755
77 0.08671484
78 0.0016675931
79 0.0
80 5.5586436E-4
81 0.0
82 0.0011117287
83 0.0
84 0.0
85 0.0
86 0.0
87 0.0
88 0.0
89 5.5586436E-4
90 5.5586436E-4
91 5.5586436E-4
92 5.5586436E-4
93 0.0
94 0.0
95 5.5586436E-4
96 0.0
97 0.0
98 5.5586436E-4
99 5.5586436E-4
100 0.0
101 5.5586436E-4
102 5.5586436E-4
103 5.5586436E-4
104 0.0011117287
105 0.0
106 0.004446915
107 0.004446915
108 0.0
109 0.0
110 0.0
111 5.5586436E-4
112 0.0
113 0.0
114 5.5586436E-4
115 5.5586436E-4
116 0.0
117 0.0
118 0.0
119 0.0
120 5.5586436E-4
121 5.5586436E-4
122 0.0
123 0.0
124 0.0
125 0.0
126 0.0
127 0.0
128 0.0
129 0.0
130 0.0
131 0.0
132 0.0
133 5.5586436E-4
134 0.0
135 0.0
136 0.0
137 0.0
138 0.0
139 0.0
140 0.0
141 0.0
142 0.0
143 0.0
144 0.0
145 0.0
146 0.0
147 0.0
148 0.0
149 0.0
150 0.0011117287
151 0.0
152 0.0
153 0.0
154 0.0
155 0.0
156 0.0
157 0.0
158 0.0
159 5.5586436E-4
160 0.0
161 0.0
162 0.0
163 0.0
164 0.0
165 0.0
166 0.0
167 0.0
168 0.0
169 0.0
170 0.0
171 0.0
172 5.5586436E-4
173 0.0
174 0.0
175 0.0
176 0.0
177 0.0
178 5.5586436E-4
179 0.0
180 0.0
181 0.0
182 0.0
183 0.0
184 0.0
185 0.0
186 0.0
187 5.5586436E-4
188 0.0
189 0.0
190 0.0
191 0.0
192 0.0
193 0.0
194 0.0
195 0.0
196 0.0
197 0.0
198 0.0
199 5.5586436E-4
200 0.0
201 0.0
202 0.0
203 0.0
204 0.0
205 0.0
206 0.0
207 0.0
208 0.0
209 0.0
210 0.0
211 0.0
212 0.0
213 0.0
214 0.0
215 0.0
216 0.0
217 0.0
218 0.0
219 0.0
220 0.0
221 0.0
222 0.0
223 0.0
224 0.0
225 0.0
226 0.0
227 0.0
228 0.0
229 0.0
230 0.0
231 0.0
232 0.0
233 0.0
234 0.0
235 0.0
236 0.0
237 0.0
238 0.0
239 0.0
240 0.0
241 0.0
242 0.0
243 0.0
244 0.0
245 0.0
246 0.0
247 0.0
248 0.0
249 0.0
250 0.0
251 0.0
252 0.0
253 0.0
254 0.0
255 0.0
