0 0.0
1 0.0
2 7.3800737E-4
3 0.003690037
4 0.0
5 7.3800737E-4
6 0.0
7 7.3800737E-4
8 0.0014760147
9 0.0022140222
10 0.015498155
11 0.0066420664
12 0.02287823
13 0.008856089
14 0.0029520295
15 0.0022140222
16 0.0014760147
17 0.0
18 0.0029520295
19 0.0022140222
20 0.0
21 0.0
22 0.0
23 0.0
24 0.0
25 0.0
26 0.0
27 0.0
28 0.008118081
29 7.3800737E-4
30 0.0
31 0.0
32 7.3800737E-4
33 0.0
34 7.3800737E-4
35 0.0
36 7.3800737E-4
37 0.0
38 0.0
39 0.0
40 0.0
41 0.0
42 0.0
43 0.0
44 0.0
45 0.0
46 0.0
47 0.0
48 0.0
49 0.0
50 0.0
51 0.0
52 0.0
53 0.0
54 0.0
55 0.0
56 0.0
57 0.0
58 0.0
59 0.0
60 0.0
61 0.0
62 0.0014760147
63 0.0
64 0.0022140222
65 0.01697417
66 0.053874537
67 0.008118081
68 0.0
69 0.0
70 0.0
71 0.0
72 0.0
73 0.0
74 0.0
75 0.0
76 7.3800737E-4
77 0.0
78 0.0
79 0.0
80 0.0
81 0.0
82 0.0
83 0.0
84 0.0
85 0.0
86 0.0
87 0.0
88 0.0
89 0.0
90 0.0
91 0.0
92 0.0
93 0.0
94 0.0
95 0.0
96 0.0
97 0.003690037
98 0.04132841
99 0.027306274
100 0.0029520295
101 0.0
102 0.0
103 0.0
104 0.0
105 0.0
106 0.0
107 0.0
108 0.0
109 0.0
110 0.0
111 0.0
112 0.0
113 0.0014760147
114 0.022140222
115 0.0044280444
116 7.3800737E-4
117 0.0029520295
118 7.3800737E-4
119 0.0
120 0.0
121 0.0
122 0.0
123 0.0
124 0.0
125 0.0
126 0.0
127 0.005904059
128 0.005904059
129 7.3800737E-4
130 7.3800737E-4
131 0.008856089
132 0.0051660514
133 7.3800737E-4
134 0.0
135 0.0
136 0.0
137 0.0
138 0.0
139 0.0
140 0.0
141 0.0
142 0.0
143 0.0
144 0.0
145 7.3800737E-4
146 0.011070111
147 0.02804428
148 0.005904059
149 0.0029520295
150 0.0014760147
151 0.0
152 0.0
153 0.0
154 0.0
155 0.0
156 0.0
157 0.0
158 0.008856089
159 0.0022140222
160 0.0
161 0.0
162 0.0
163 0.0
164 0.0
165 0.0
166 0.0
167 0.0
168 0.0
169 7.3800737E-4
170 0.0
171 0.0
172 0.0
173 7.3800737E-4
174 0.0
175 0.0
176 0.0
177 0.0051660514
178 0.005904059
179 0.0044280444
180 0.0
181 0.0
182 0.0
183 0.0
184 0.0
185 0.0
186 7.3800737E-4
187 0.0
188 0.0
189 0.0
190 0.0051660514
191 0.010332103
192 0.0014760147
193 0.0
194 0.0
195 0.0
196 0.0
197 0.0
198 0.0
199 0.0
200 0.0
201 0.0
202 7.3800737E-4
203 7.3800737E-4
204 0.0
205 0.0
206 0.0
207 0.0
208 7.3800737E-4
209 0.0014760147
210 0.0014760147
211 0.0
212 0.0
213 0.0
214 0.0
215 0.0
216 0.0
217 0.0
218 0.0
219 0.0
220 0.0
221 0.0
222 0.0
223 0.0
224 0.0
225 0.0
226 0.0
227 0.0
228 0.0
229 0.0
230 0.0
231 0.0
232 0.0
233 0.0
234 0.0
235 0.0
236 0.0
237 0.0
238 0.0
239 0.0
240 0.0
241 0.0
242 0.0
243 0.0
244 0.0
245 0.0
246 0.0
247 0.0
248 0.0
249 0.0
250 0.0
251 0.0
252 0.0
253 0.0
254 0.0
255 0.0
