0 0.0
1 0.0
2 0.0020263426
3 0.00810537
4 0.009118541
5 0.0
6 0.0
7 0.004052685
8 0.0030395137
9 0.0010131713
10 0.009118541
11 0.019250253
12 0.023302939
13 0.056737587
14 0.0020263426
15 0.00810537
16 0.004052685
17 0.0070921984
18 0.0010131713
19 0.0030395137
20 0.0010131713
21 0.0
22 0.0010131713
23 0.0
24 0.0
25 0.0
26 0.0
27 0.0
28 0.01621074
29 0.0
30 0.0010131713
31 0.0
32 0.0010131713
33 0.004052685
34 0.0020263426
35 0.0
36 0.0010131713
37 0.0
38 0.0
39 0.0
40 0.0020263426
41 0.0020263426
42 0.0020263426
43 0.0
44 0.0020263426
45 0.0010131713
46 0.0010131713
47 0.0
48 0.0
49 0.0
50 0.005065856
51 0.0010131713
52 0.0
53 0.0010131713
54 0.0020263426
55 0.0
56 0.0
57 0.0010131713
58 0.0
59 0.0010131713
60 0.0010131713
61 0.0
62 0.0010131713
63 0.0060790274
64 0.0030395137
65 0.011144884
66 0.14589666
67 0.031408306
68 0.00810537
69 0.0030395137
70 0.0020263426
71 0.0
72 0.0
73 0.0020263426
74 0.0
75 0.0
76 0.0
77 0.0
78 0.0
79 0.0
80 0.0
81 0.0
82 0.0
83 0.0
84 0.0
85 0.0
86 0.0
87 0.0
88 0.0
89 0.0
90 0.0
91 0.0
92 0.0
93 0.0
94 0.0
95 0.0010131713
96 0.0
97 0.011144884
98 0.045592707
99 0.055724416
100 0.02532928
101 0.0030395137
102 0.0
103 0.0010131713
104 0.0
105 0.0
106 0.0
107 0.0
108 0.0010131713
109 0.0
110 0.0
111 0.0
112 0.0
113 0.0020263426
114 0.046605878
115 0.04154002
116 0.020263424
117 0.0060790274
118 0.0010131713
119 0.0
120 0.0
121 0.0
122 0.0
123 0.0
124 0.0
125 0.0
126 0.0
127 0.0020263426
128 0.009118541
129 0.0
130 0.0
131 0.0020263426
132 0.005065856
133 0.0010131713
134 0.0
135 0.0
136 0.0
137 0.0
138 0.0
139 0.0
140 0.0
141 0.0
142 0.0
143 0.0
144 0.0010131713
145 0.005065856
146 0.036474165
147 0.030395137
148 0.004052685
149 0.0020263426
150 0.0
151 0.0
152 0.0
153 0.0
154 0.0
155 0.0
156 0.0
157 0.0010131713
158 0.0030395137
159 0.0020263426
160 0.0
161 0.0
162 0.0
163 0.0
164 0.0
165 0.0
166 0.0
167 0.0
168 0.0
169 0.0
170 0.0
171 0.0
172 0.0
173 0.0
174 0.0
175 0.0
176 0.0
177 0.0030395137
178 0.011144884
179 0.004052685
180 0.0
181 0.0
182 0.0
183 0.0
184 0.0030395137
185 0.0
186 0.0
187 0.0
188 0.0
189 0.0010131713
190 0.005065856
191 0.010131712
192 0.0010131713
193 0.0010131713
194 0.0
195 0.0
196 0.0
197 0.0
198 0.0
199 0.0
200 0.0
201 0.0
202 0.0020263426
203 0.0
204 0.0
205 0.0
206 0.0
207 0.0
208 0.005065856
209 0.0010131713
210 0.0010131713
211 0.0
212 0.0
213 0.0
214 0.0
215 0.0
216 0.0
217 0.0
218 0.0
219 0.0
220 0.0
221 0.0
222 0.0
223 0.0
224 0.0
225 0.0
226 0.0
227 0.0
228 0.0
229 0.0
230 0.0
231 0.0
232 0.0
233 0.0
234 0.0
235 0.0
236 0.0
237 0.0
238 0.0
239 0.0
240 0.0
241 0.0
242 0.0
243 0.0
244 0.0
245 0.0
246 0.0
247 0.0
248 0.0
249 0.0
250 0.0
251 0.0
252 0.0
253 0.0
254 0.0
255 0.0
