0 0.0
1 0.019578313
2 0.067771085
3 0.40361446
4 0.37801206
5 0.034638554
6 0.004518072
7 0.009036144
8 0.0
9 0.004518072
10 0.049698796
11 0.1370482
12 0.11295181
13 0.1189759
14 0.11445783
15 0.052710842
16 0.015060241
17 0.022590362
18 0.016566265
19 0.016566265
20 0.022590362
21 0.0075301207
22 0.004518072
23 0.009036144
24 0.013554217
25 0.016566265
26 0.021084337
27 0.049698796
28 0.046686746
29 0.0436747
30 0.08885542
31 0.05421687
32 0.05421687
33 0.06475904
34 0.1370482
35 0.1626506
36 0.13403614
37 0.14457831
38 0.09789157
39 0.05421687
40 0.05421687
41 0.0075301207
42 0.0075301207
43 0.001506024
44 0.001506024
45 0.0
46 0.001506024
47 0.003012048
48 0.001506024
49 0.0075301207
50 0.003012048
51 0.001506024
52 0.0075301207
53 0.010542168
54 0.018072288
55 0.034638554
56 0.084337346
57 0.063253015
58 0.06475904
59 0.07530121
60 0.067771085
61 0.04819277
62 0.02560241
63 0.052710842
64 0.04066265
65 0.07680723
66 0.09186747
67 0.0813253
68 0.0436747
69 0.030120483
70 0.034638554
71 0.05421687
72 0.045180723
73 0.03313253
74 0.036144577
75 0.06475904
76 0.072289154
77 0.072289154
78 0.036144577
79 0.030120483
80 0.03313253
81 0.027108435
82 0.012048192
83 0.016566265
84 0.0
85 0.0
86 0.001506024
87 0.0
88 0.0
89 0.001506024
90 0.001506024
91 0.0
92 0.0
93 0.0
94 0.0
95 0.0
96 0.0
97 0.001506024
98 0.001506024
99 0.0
100 0.0
101 0.0
102 0.0
103 0.0
104 0.0
105 0.0
106 0.0
107 0.001506024
108 0.0
109 0.0
110 0.001506024
111 0.0
112 0.0
113 0.001506024
114 0.0
115 0.0
116 0.0
117 0.0
118 0.001506024
119 0.0
120 0.0
121 0.0
122 0.0
123 0.0
124 0.0
125 0.0
126 0.001506024
127 0.0
128 0.0
129 0.0
130 0.003012048
131 0.0
132 0.0
133 0.0
134 0.001506024
135 0.0
136 0.0
137 0.0
138 0.001506024
139 0.0
140 0.001506024
141 0.0
142 0.0
143 0.0
144 0.0
145 0.0
146 0.0
147 0.0
148 0.0
149 0.0
150 0.0
151 0.0
152 0.0
153 0.0
154 0.001506024
155 0.0
156 0.0
157 0.0
158 0.0
159 0.0
160 0.0
161 0.0
162 0.0
163 0.0
164 0.0
165 0.0
166 0.0
167 0.0
168 0.0
169 0.0
170 0.001506024
171 0.0
172 0.0
173 0.0
174 0.0
175 0.0
176 0.0
177 0.0
178 0.0
179 0.0
180 0.0
181 0.001506024
182 0.0
183 0.0
184 0.001506024
185 0.0
186 0.0
187 0.0
188 0.0
189 0.001506024
190 0.001506024
191 0.001506024
192 0.0
193 0.001506024
194 0.0
195 0.0
196 0.0
197 0.0
198 0.0
199 0.0
200 0.0
201 0.0
202 0.0
203 0.0
204 0.0
205 0.0
206 0.0
207 0.0
208 0.0
209 0.0
210 0.0
211 0.0
212 0.0
213 0.0
214 0.0
215 0.0
216 0.0
217 0.0
218 0.0
219 0.0
220 0.0
221 0.0
222 0.0
223 0.0
224 0.0
225 0.0
226 0.0
227 0.0
228 0.0
229 0.0
230 0.0
231 0.0
232 0.0
233 0.0
234 0.0
235 0.0
236 0.0
237 0.0
238 0.0
239 0.0
240 0.0
241 0.0
242 0.0
243 0.0
244 0.0
245 0.0
246 0.0
247 0.0
248 0.0
249 0.0
250 0.0
251 0.0
252 0.0
253 0.0
254 0.0
255 0.0
