0 0.0
1 0.006313131
2 0.019570706
3 0.007575758
4 0.0044191917
5 0.0
6 0.0
7 6.3131313E-4
8 0.0012626263
9 0.0018939395
10 0.0069444445
11 0.008207071
12 0.009469697
13 0.007575758
14 0.0031565656
15 0.011363637
16 0.01010101
17 0.006313131
18 0.003787879
19 0.0056818184
20 0.0012626263
21 0.0018939395
22 0.0031565656
23 0.0012626263
24 0.0018939395
25 0.0025252525
26 0.0025252525
27 0.0025252525
28 0.0018939395
29 0.003787879
30 0.0018939395
31 0.0018939395
32 0.006313131
33 0.009469697
34 0.009469697
35 0.010732323
36 0.007575758
37 0.006313131
38 0.005050505
39 0.0069444445
40 0.0069444445
41 0.007575758
42 0.009469697
43 0.009469697
44 0.008207071
45 0.0031565656
46 0.0031565656
47 6.3131313E-4
48 0.0031565656
49 0.0025252525
50 0.008207071
51 0.006313131
52 0.0018939395
53 6.3131313E-4
54 6.3131313E-4
55 6.3131313E-4
56 0.0
57 6.3131313E-4
58 0.003787879
59 0.0018939395
60 0.0
61 0.0012626263
62 0.003787879
63 0.005050505
64 0.0031565656
65 0.01830808
66 0.037247475
67 0.006313131
68 0.0018939395
69 0.0012626263
70 6.3131313E-4
71 6.3131313E-4
72 0.0012626263
73 0.0
74 0.0031565656
75 6.3131313E-4
76 0.0025252525
77 0.0044191917
78 6.3131313E-4
79 0.0018939395
80 0.0
81 0.0012626263
82 0.0018939395
83 0.0018939395
84 0.0012626263
85 0.0
86 0.0
87 6.3131313E-4
88 0.0
89 6.3131313E-4
90 0.0
91 6.3131313E-4
92 0.0
93 0.0
94 6.3131313E-4
95 6.3131313E-4
96 0.0012626263
97 0.007575758
98 0.029040404
99 0.017045455
100 0.007575758
101 0.0
102 6.3131313E-4
103 0.0
104 6.3131313E-4
105 0.0
106 0.0
107 6.3131313E-4
108 0.0
109 0.0
110 6.3131313E-4
111 0.0
112 0.0
113 6.3131313E-4
114 0.013257576
115 0.0069444445
116 0.0
117 0.0
118 0.0
119 0.0
120 0.0
121 0.0
122 0.0
123 0.0
124 0.0
125 0.0
126 6.3131313E-4
127 0.0088383835
128 0.011363637
129 0.0
130 0.0
131 6.3131313E-4
132 0.0
133 0.0
134 0.0
135 0.0
136 0.0
137 0.0
138 0.0
139 0.0
140 0.0
141 0.0
142 0.0
143 0.0
144 0.0
145 0.0012626263
146 0.003787879
147 0.02209596
148 0.008207071
149 0.0018939395
150 0.0
151 0.0
152 0.0
153 0.0
154 0.0
155 0.0
156 0.0
157 0.0
158 0.0
159 0.0
160 6.3131313E-4
161 0.0
162 0.0
163 0.0
164 0.0
165 0.0
166 0.0
167 0.0
168 0.0
169 0.0
170 0.0
171 0.0
172 0.0
173 0.0
174 6.3131313E-4
175 0.0
176 6.3131313E-4
177 6.3131313E-4
178 0.0044191917
179 0.0044191917
180 0.0
181 0.0
182 6.3131313E-4
183 0.0
184 0.0
185 0.0
186 0.0
187 0.0
188 0.0
189 0.0
190 0.0025252525
191 0.008207071
192 0.0025252525
193 0.0
194 0.0
195 0.0
196 0.0
197 0.0
198 0.0
199 0.0
200 0.0
201 0.0
202 0.0
203 0.0
204 0.0
205 0.0
206 6.3131313E-4
207 0.0018939395
208 0.01010101
209 0.006313131
210 0.0
211 0.0
212 0.0
213 0.0
214 0.0
215 0.0
216 0.0
217 0.0
218 0.0
219 0.0
220 0.0
221 0.0
222 0.0
223 0.0
224 0.0
225 0.0
226 0.0
227 0.0
228 0.0
229 0.0
230 0.0
231 0.0
232 0.0
233 0.0
234 0.0
235 0.0
236 0.0
237 0.0
238 0.0
239 0.0
240 0.0
241 0.0
242 0.0
243 0.0
244 0.0
245 0.0
246 0.0
247 0.0
248 0.0
249 0.0
250 0.0
251 0.0
252 0.0
253 0.0
254 0.0
255 0.0
