0 0.0
1 0.03618421
2 0.098684214
3 0.065789476
4 0.05592105
5 0.009868421
6 0.0
7 0.04276316
8 0.0032894737
9 0.009868421
10 0.039473683
11 0.1513158
12 0.16776316
13 0.118421055
14 0.023026315
15 0.16447368
16 0.029605264
17 0.0065789474
18 0.0065789474
19 0.013157895
20 0.0032894737
21 0.0032894737
22 0.0065789474
23 0.0
24 0.009868421
25 0.0032894737
26 0.0065789474
27 0.0065789474
28 0.4868421
29 0.088815786
30 0.0065789474
31 0.013157895
32 0.0032894737
33 0.0065789474
34 0.0065789474
35 0.0032894737
36 0.0065789474
37 0.02631579
38 0.013157895
39 0.0032894737
40 0.0065789474
41 0.009868421
42 0.016447369
43 0.019736841
44 0.016447369
45 0.013157895
46 0.013157895
47 0.009868421
48 0.019736841
49 0.009868421
50 0.47368422
51 0.049342107
52 0.016447369
53 0.013157895
54 0.019736841
55 0.023026315
56 0.016447369
57 0.0065789474
58 0.02631579
59 0.029605264
60 0.009868421
61 0.02631579
62 0.05263158
63 0.039473683
64 0.016447369
65 0.04605263
66 0.33552632
67 0.18092105
68 0.039473683
69 0.009868421
70 0.023026315
71 0.009868421
72 0.03618421
73 0.029605264
74 0.019736841
75 0.032894738
76 0.10526316
77 0.0625
78 0.029605264
79 0.0032894737
80 0.0065789474
81 0.0
82 0.0065789474
83 0.0032894737
84 0.0065789474
85 0.0065789474
86 0.0065789474
87 0.0065789474
88 0.0065789474
89 0.0
90 0.0032894737
91 0.009868421
92 0.0065789474
93 0.009868421
94 0.0065789474
95 0.0065789474
96 0.016447369
97 0.029605264
98 0.14144737
99 0.27960527
100 0.2138158
101 0.029605264
102 0.032894738
103 0.02631579
104 0.016447369
105 0.0
106 0.019736841
107 0.013157895
108 0.009868421
109 0.0065789474
110 0.039473683
111 0.029605264
112 0.0032894737
113 0.0032894737
114 0.03618421
115 0.1118421
116 0.0625
117 0.18421052
118 0.07236842
119 0.009868421
120 0.009868421
121 0.0032894737
122 0.0
123 0.0
124 0.0
125 0.0
126 0.0032894737
127 0.0032894737
128 0.0032894737
129 0.0032894737
130 0.0065789474
131 0.059210528
132 0.30592105
133 0.33881578
134 0.039473683
135 0.0065789474
136 0.0
137 0.0
138 0.0
139 0.0
140 0.023026315
141 0.0032894737
142 0.0
143 0.0
144 0.009868421
145 0.023026315
146 0.09210526
147 0.23026316
148 0.08552632
149 0.118421055
150 0.02631579
151 0.0
152 0.0
153 0.0
154 0.0
155 0.0
156 0.0
157 0.0065789474
158 0.15789473
159 0.14473684
160 0.039473683
161 0.0032894737
162 0.0065789474
163 0.0
164 0.0032894737
165 0.0
166 0.0
167 0.0
168 0.0
169 0.0
170 0.0
171 0.019736841
172 0.10197368
173 0.16447368
174 0.029605264
175 0.0065789474
176 0.013157895
177 0.22697368
178 0.16776316
179 0.0756579
180 0.0065789474
181 0.0
182 0.0032894737
183 0.0
184 0.0032894737
185 0.0032894737
186 0.0032894737
187 0.0
188 0.0
189 0.009868421
190 0.08223684
191 0.15789473
192 0.032894738
193 0.016447369
194 0.0032894737
195 0.0032894737
196 0.0
197 0.0065789474
198 0.0
199 0.0065789474
200 0.016447369
201 0.125
202 0.23026316
203 0.20065789
204 0.032894738
205 0.0032894737
206 0.0
207 0.016447369
208 0.03618421
209 0.032894738
210 0.023026315
211 0.1118421
212 0.04276316
213 0.009868421
214 0.0032894737
215 0.0032894737
216 0.016447369
217 0.05263158
218 0.013157895
219 0.0065789474
220 0.0
221 0.0032894737
222 0.0
223 0.0
224 0.0032894737
225 0.0
226 0.0
227 0.0065789474
228 0.0032894737
229 0.0032894737
230 0.0032894737
231 0.013157895
232 0.05263158
233 0.032894738
234 0.0032894737
235 0.0
236 0.009868421
237 0.0065789474
238 0.0
239 0.0
240 0.0
241 0.0
242 0.0
243 0.0
244 0.0
245 0.0
246 0.0
247 0.0
248 0.0
249 0.0
250 0.0
251 0.0
252 0.0
253 0.0
254 0.0
255 0.0
